# Generated by tools/starfield/build.py; do not edit by hand.
# Display-only data (CONVENTIONS 13.6). Provenance: docs/THIRD_PARTY.md,
# section "Star field and constellations".
# IAU constellation boundaries (Delporte 1930), mean equator and equinox of
# B1875.0: abbr|part|corners as RA seconds of time,Dec arcminutes.
# Every edge is an arc of an hour circle or of a parallel; the last corner
# joins the first. Octans' three plotting points at the south pole (added
# by the digital transcription, not boundary corners) are removed.
And||82320,2070 82320,3150 84000,3150 84000,3000 84900,3000 84900,2880 600,2880 600,2760 3120,2760 3120,2880 4020,2880 4020,3000 4920,3000 6000,3000 6000,2820 7350,2820 7350,3030 9060,3030 9060,2205 7200,2205 7200,2100 5070,2100 5070,1980 2580,1980 2580,1425 3060,1425 3060,1260 510,1260 510,1320 240,1320 240,1680 0,1680 0,1880 85500,1880 85500,1925 84600,1925 84600,2070
Ant||33720,-1440 33720,-2205 33720,-2385 39600,-2385 39600,-2100 39000,-2100 39000,-1870 38100,-1870 38100,-1750 36900,-1750 36900,-1590 35100,-1590 35100,-1440
Aps||49200,-4950 64800,-4950 64800,-4500 64800,-4050 63000,-4050 61200,-4050 61200,-4200 53100,-4200 49200,-4200 49200,-4500
Aqr||73920,0 73920,120 75000,120 76800,120 77280,120 77280,165 78000,165 78000,105 79200,105 79200,120 81900,120 81900,0 81900,-240 85800,-240 85800,-420 85800,-1530 82800,-1530 78720,-1530 78720,-540 76800,-540 76800,-900 73920,-900 73920,-540
Aql||66900,0 66900,120 67920,120 67920,375 67184,375 67184,720 67920,720 67920,1110 68400,1110 68400,970 71400,970 71400,945 72510,945 72510,510 73080,510 73080,120 73920,120 73920,0 73920,-540 72000,-540 72000,-722 67920,-722 67920,-240 66900,-240
Ara||59115,-3600 59115,-2730 64200,-2730 64800,-2730 64800,-3420 63000,-3420 63000,-4050 61200,-4050 60600,-4050 60600,-3900 60300,-3900 60300,-3815 59700,-3815 59700,-3660 59115,-3660
Ari||7200,595 6000,595 6000,1500 6900,1500 6900,1635 8700,1635 8700,1840 9780,1840 12120,1840 12120,1140 11820,1140 11820,595
Aur||16200,1840 16200,2160 16890,2160 16890,3150 18000,3150 18000,3360 21960,3360 21960,3240 23400,3240 23400,3000 24480,3000 24480,2670 26520,2670 26520,2130 23520,2130 23520,1680 21180,1680 21180,1710 17100,1710 17100,1800 16200,1800
Boo||54300,480 48600,480 48600,900 48600,1710 50250,1710 50250,1845 50520,1845 50520,2910 50520,3330 51900,3330 54900,3330 54900,3180 56700,3180 56700,3090 56700,2400 55560,2400 55560,1980 54660,1980 54660,1560 54300,1560
Cae||15360,-2400 15360,-2940 16200,-2940 16200,-2790 17400,-2790 17400,-2580 18000,-2580 18000,-1635 17400,-1635 16920,-1635 16920,-1800 16500,-1800 16500,-2220 15360,-2220
Cam||21960,3360 18000,3360 18000,3150 16890,3150 12000,3150 12000,3300 11400,3300 11400,3420 11160,3420 11160,4080 12300,4080 12300,4620 12630,4620 12630,4800 18000,4800 18000,5100 28800,5100 28800,5190 52200,5190 52200,4800 48900,4800 48900,4620 46800,4620 41400,4620 41400,4800 38400,4800 38400,4920 33000,4920 33000,4410 28680,4410 28680,3600 25200,3600 25200,3720 21960,3720
Cnc||33300,420 29100,420 28530,420 28530,600 28110,600 28110,810 28110,1200 28380,1200 28380,1680 28800,1680 28800,2010 33300,2010
CVn||43200,2040 43200,2700 43500,2700 43500,3180 48600,3180 48600,2910 50520,2910 50520,1845 50250,1845 50250,1710 48600,1710 47700,1710 47700,1920 44400,1920 44400,2040
CMa||22020,-660 26520,-660 26520,-1980 23700,-1980 22020,-1980 22020,-1635
CMi||29100,0 25920,0 25920,90 25260,90 25260,330 25200,330 25200,600 25200,750 27000,750 27000,810 28110,810 28110,600 28530,600 28530,420 29100,420
Cap||73920,-540 72000,-540 72000,-722 72000,-1680 73200,-1680 76800,-1680 76800,-1530 78720,-1530 78720,-540 76800,-540 76800,-900 73920,-900
Car||40500,-3390 39600,-3390 31800,-3390 31800,-3270 30420,-3270 30420,-3180 29400,-3180 29400,-3045 28800,-3045 21600,-3045 21600,-3150 22200,-3150 22200,-3300 23400,-3300 23400,-3480 24600,-3480 24600,-3840 32520,-3840 32520,-4500 40500,-4500 40500,-3840
Cas||82320,3150 82320,3375 82320,3545 83400,3545 83400,3780 84900,3780 84900,3960 1200,3960 1200,4620 12300,4620 12300,4080 11160,4080 11160,3420 8760,3420 8760,3510 6870,3510 6870,3450 6120,3450 6120,3240 4920,3240 4920,3000 4020,3000 4020,2880 3120,2880 3120,2760 600,2760 600,2880 84900,2880 84900,3000 84000,3000 84000,3150
Cen||39600,-2100 39600,-2385 39600,-3390 40500,-3390 40500,-3840 42600,-3840 42600,-3300 46200,-3300 46200,-3840 48600,-3840 52320,-3840 52320,-3300 51000,-3300 51000,-2520 53700,-2520 53700,-1770 45300,-1770 45300,-1980 44100,-1980 44100,-2100
Cep||72000,3570 72000,3690 73500,3690 73500,4020 74400,4020 74400,4500 72600,4500 72600,4800 75600,4800 75600,5160 75600,5170 82800,5170 82800,5280 28800,5280 28800,5190 28800,5100 18000,5100 18000,4800 12630,4800 12630,4620 12300,4620 1200,4620 1200,3960 84900,3960 84900,3780 83400,3780 83400,3545 82320,3545 82320,3375 80340,3375 80340,3300 79680,3300 79680,3165 79080,3165 79080,3290 74160,3290 74160,3655 73932,3655 73932,3570
Cet||1200,0 1200,120 7200,120 7200,595 11820,595 11820,0 11820,-105 9540,-105 9540,-1463 6000,-1463 6000,-1530 85800,-1530 85800,-420 1200,-420
Cha||27600,-4950 49200,-4950 49200,-4500 40500,-4500 32520,-4500 27600,-4500
Cir||48600,-3840 48600,-3900 49200,-3900 49200,-4200 53100,-4200 53100,-4050 53700,-4050 53700,-3815 54600,-3815 54600,-3660 55200,-3660 55200,-3600 55200,-3300 54180,-3300 52320,-3300 52320,-3840
Col||18000,-2580 18000,-1635 22020,-1635 22020,-1980 23700,-1980 23700,-2580 21600,-2580
Com||42720,840 42720,1740 43200,1740 43200,2040 44400,2040 44400,1920 47700,1920 47700,1710 48600,1710 48600,900 46200,900 46200,840
CrA||64200,-2220 69000,-2220 69000,-2730 64800,-2730 64200,-2730
CrB||54660,1560 54660,1980 55560,1980 55560,2400 56700,2400 58800,2400 58800,1620 58200,1620 58200,1560 57720,1560
Crv||46200,-660 42600,-660 42600,-1470 45300,-1470 45300,-1320 46200,-1320
Crt||38700,-360 38700,-660 38700,-1140 39000,-1140 39000,-1470 42600,-1470 42600,-660 42600,-360 41460,-360
Cru||42600,-3300 42600,-3840 46200,-3840 46200,-3300
Cyg||69330,1650 69330,1800 69690,1800 69690,2190 69840,2190 69840,2610 69000,2610 69000,2850 68700,2850 68700,3330 69900,3330 69900,3480 71160,3480 71160,3570 72000,3570 73932,3570 73932,3655 74160,3655 74160,3290 79080,3290 79080,3165 79080,2640 78870,2640 78870,2625 78750,2625 78750,2160 78240,2160 78240,1680 77100,1680 75300,1680 75300,1740 70800,1740 70800,1650
Del||73920,120 73080,120 73080,510 72510,510 72510,945 72900,945 72900,1230 74040,1230 74040,1170 75780,1170 75780,710 75150,710 75150,360 75000,360 75000,120
Dor||13800,-3190 14400,-3190 14400,-3390 15600,-3390 15600,-3540 16500,-3540 16500,-4050 16500,-4200 23700,-4200 23700,-3840 21600,-3840 21600,-3660 19800,-3660 19800,-3450 18000,-3450 18000,-3240 16200,-3240 16200,-2940 15360,-2940 14700,-2940 14700,-3060 13800,-3060
Dra||33000,4410 33000,4920 38400,4920 38400,4800 41400,4800 41400,4620 46800,4620 46800,4200 50400,4200 50400,3960 56400,3960 56400,4200 59520,4200 59520,4500 63000,4500 63000,4800 64800,4800 64800,5160 75600,5160 75600,4800 72600,4800 72600,4500 74400,4500 74400,4020 73500,4020 73500,3690 72000,3690 72000,3570 71160,3570 71160,3480 69900,3480 69900,3330 68700,3330 68700,2850 65640,2850 65640,3030 61200,3030 61200,3090 56700,3090 56700,3180 54900,3180 54900,3330 51900,3330 51900,3780 48600,3780 48600,3840 43200,3840 43200,3990 40800,3990 40800,4410
Equ||75000,120 75000,360 75150,360 75150,710 75780,710 76020,710 76020,750 76800,750 76800,120
Eri||12900,0 16620,0 16800,0 16800,-240 18300,-240 18300,-660 17700,-660 17700,-870 17400,-870 17400,-1635 16920,-1635 16920,-1800 16500,-1800 16500,-2220 15360,-2220 15360,-2400 13920,-2400 13920,-2640 12300,-2640 12300,-2760 10800,-2760 10800,-2940 9600,-2940 9600,-3060 8700,-3060 8700,-3240 7800,-3240 7800,-3510 4800,-3510 4800,-3210 5700,-3210 5700,-3090 6600,-3090 6600,-2890 8400,-2890 8400,-2400 10800,-2400 10800,-2375 12600,-2375 12600,-2160 13500,-2160 13500,-1463 9540,-1463 9540,-105 11820,-105 12900,-105
For||6000,-1463 9540,-1463 13500,-1463 13500,-2160 12600,-2160 12600,-2375 10800,-2375 10800,-2400 8400,-2400 6000,-2400 6000,-1530
Gem||22710,720 22710,1050 22380,1050 22380,1290 21180,1290 21180,1370 21180,1680 23520,1680 23520,2130 26520,2130 27900,2130 27900,2010 28800,2010 28800,1680 28380,1680 28380,1200 28110,1200 28110,810 27000,810 27000,750 25200,750 25200,600 24960,600 24960,720
Gru||76800,-2220 76800,-2730 76800,-3000 79200,-3000 79200,-3420 84000,-3420 84000,-2400 84000,-2220 82800,-2220
Her||58560,240 57900,240 57900,960 57300,960 57300,1320 57720,1320 57720,1560 58200,1560 58200,1620 58800,1620 58800,2400 56700,2400 56700,3090 61200,3090 61200,3030 65640,3030 65640,2850 65430,2850 65430,1800 66120,1800 66120,1560 67920,1560 67920,1530 67920,1265 67920,1110 67920,720 67184,720 65700,720 65700,860 62100,860 62100,770 60300,770 60300,240
Hor||15360,-2400 15360,-2940 14700,-2940 14700,-3060 13800,-3060 13800,-3190 12600,-3190 12600,-3450 11520,-3450 11520,-4050 7800,-4050 7800,-3510 7800,-3240 8700,-3240 8700,-3060 9600,-3060 9600,-2940 10800,-2940 10800,-2760 12300,-2760 12300,-2640 13920,-2640 13920,-2400
Hya||29100,0 29100,420 33300,420 34500,420 34500,0 34500,-660 38700,-660 38700,-1140 39000,-1140 39000,-1470 42600,-1470 45300,-1470 45300,-1320 46200,-1320 51300,-1320 51300,-1470 53700,-1470 53700,-1770 45300,-1770 45300,-1980 44100,-1980 44100,-2100 39600,-2100 39000,-2100 39000,-1870 38100,-1870 38100,-1750 36900,-1750 36900,-1590 35100,-1590 35100,-1440 33720,-1440 32700,-1440 32700,-1140 30900,-1140 30900,-1020 30120,-1020 30120,-660 29100,-660
Hyi||16500,-4050 16500,-4200 16500,-4500 12600,-4500 12600,-4950 0,-4950 0,-4500 2700,-4500 2700,-4560 4800,-4560 4800,-3510 7800,-3510 7800,-4050 11520,-4050
Ind||76800,-4500 84000,-4500 84000,-4050 79200,-4050 79200,-3420 79200,-3000 76800,-3000 76800,-2730 73200,-2730 73200,-3420 73200,-3600 76800,-3600
Lac||78750,2160 78750,2625 78870,2625 78870,2640 79080,2640 79080,3165 79680,3165 79680,3300 80340,3300 80340,3375 82320,3375 82320,3150 82320,2070 82140,2070 82140,2100 79200,2100 79200,2160
Leo||38700,0 38700,420 34500,420 33300,420 33300,2010 35580,2010 35580,1710 37800,1710 37800,1410 38700,1410 38700,1530 39600,1530 39600,1740 42720,1740 42720,840 42720,660 41460,660 41460,0 41460,-360 38700,-360
LMi||33300,2010 33300,2385 34500,2385 34500,2520 36600,2520 36600,2400 38820,2400 38820,2040 39600,2040 39600,1740 39600,1530 38700,1530 38700,1410 37800,1410 37800,1710 35580,1710 35580,2010
Lep||17400,-1635 18000,-1635 22020,-1635 22020,-660 21000,-660 18300,-660 17700,-660 17700,-870 17400,-870
Lib||54300,0 52800,0 52800,-480 51300,-480 51300,-1320 51300,-1470 53700,-1470 53700,-1770 56400,-1770 56400,-1200 57300,-1200 57300,-480 57300,-195 54300,-195
Lup||51000,-3300 52320,-3300 54180,-3300 54180,-3240 55200,-3240 55200,-2880 56400,-2880 56400,-2520 57600,-2520 57600,-1770 56400,-1770 53700,-1770 53700,-2520 51000,-2520
Lyn||26520,2130 26520,2670 24480,2670 24480,3000 23400,3000 23400,3240 21960,3240 21960,3360 21960,3720 25200,3720 25200,3600 28680,3600 30300,3600 30300,2820 33000,2820 33000,2520 34500,2520 34500,2385 33300,2385 33300,2010 28800,2010 27900,2010 27900,2130
Lyr||67920,1530 67920,1560 66120,1560 66120,1800 65430,1800 65430,2850 65640,2850 68700,2850 69000,2850 69000,2610 69840,2610 69840,2190 69690,2190 69690,1800 69330,1800 69330,1650 69330,1530
Men||27600,-5100 12600,-5100 12600,-4950 12600,-4500 16500,-4500 16500,-4200 23700,-4200 23700,-4500 27600,-4500 27600,-4950
Mic||73200,-1680 76800,-1680 76800,-2220 76800,-2730 73200,-2730
Mon||22470,0 22470,600 22710,600 22710,720 24960,720 24960,600 25200,600 25200,330 25260,330 25260,90 25920,90 25920,0 29100,0 29100,-660 26520,-660 22020,-660 21000,-660 21000,-240 22470,-240
Mus||40500,-3840 40500,-4500 49200,-4500 49200,-4200 49200,-3900 48600,-3900 48600,-3840 46200,-3840 42600,-3840
Nor||55200,-3600 59115,-3600 59115,-2730 59115,-2520 57600,-2520 56400,-2520 56400,-2880 55200,-2880 55200,-3240 54180,-3240 54180,-3300 55200,-3300
Oct||0,-4950 12600,-4950 12600,-5100 27600,-5100 27600,-4950 49200,-4950 64800,-4950 64800,-4500 76800,-4500 84000,-4500 0,-4500
Oph||58560,0 58560,240 60300,240 60300,770 62100,770 62100,860 65700,860 65700,720 67184,720 67184,375 65700,375 65700,270 66330,270 66330,180 65700,180 65700,0 64200,0 64200,-240 64680,-240 64680,-600 63600,-600 63600,-700 63300,-700 63300,-600 61800,-600 61800,-960 63360,-960 63360,-1800 60300,-1800 60300,-1475 58560,-1475 58560,-1155 58950,-1155 58950,-1095 58560,-1095 58560,-480 57300,-480 57300,-195 58560,-195
Ori||16620,0 16620,930 17880,930 17880,960 19200,960 19200,930 20160,930 20160,750 20760,750 20760,1080 20520,1080 20520,1370 21180,1370 21180,1290 22380,1290 22380,1050 22710,1050 22710,720 22710,600 22470,600 22470,0 22470,-240 21000,-240 21000,-660 18300,-660 18300,-240 16800,-240 16800,0
Pav||64800,-4500 76800,-4500 76800,-3600 73200,-3600 73200,-3420 64800,-3420 63000,-3420 63000,-4050 64800,-4050
Peg||76800,120 76800,750 76020,750 76020,710 75780,710 75780,1170 76500,1170 76500,1410 77100,1410 77100,1680 78240,1680 78240,2160 78750,2160 79200,2160 79200,2100 82140,2100 82140,2070 82320,2070 84600,2070 84600,1925 85500,1925 85500,1880 0,1880 0,1680 240,1680 240,1320 510,1320 510,1260 510,750 0,750 0,600 85800,600 85800,450 81900,450 81900,120 79200,120 79200,105 78000,105 78000,165 77280,165 77280,120
Per||9780,1840 9780,2040 9240,2040 9240,2205 9060,2205 9060,3030 7350,3030 7350,2820 6000,2820 6000,3000 4920,3000 4920,3240 6120,3240 6120,3450 6870,3450 6870,3510 8760,3510 8760,3420 11160,3420 11400,3420 11400,3300 12000,3300 12000,3150 16890,3150 16890,2160 16200,2160 16200,1840 12120,1840
Phe||84000,-2400 84000,-3420 84000,-3510 4800,-3510 4800,-3210 5700,-3210 5700,-3090 6600,-3090 6600,-2890 8400,-2890 8400,-2400 6000,-2400
Pic||21600,-2580 18000,-2580 17400,-2580 17400,-2790 16200,-2790 16200,-2940 16200,-3240 18000,-3240 18000,-3450 19800,-3450 19800,-3660 21600,-3660 21600,-3840 23700,-3840 24600,-3840 24600,-3480 23400,-3480 23400,-3300 22200,-3300 22200,-3150 21600,-3150 21600,-3045
Psc||81900,0 81900,120 81900,450 85800,450 85800,600 0,600 0,750 510,750 510,1260 3060,1260 3060,1425 2580,1425 2580,1980 5070,1980 5070,1680 6000,1680 6000,1500 6000,595 7200,595 7200,120 1200,120 1200,0 1200,-420 85800,-420 85800,-240 81900,-240
PsA||82800,-1530 78720,-1530 76800,-1530 76800,-1680 76800,-2220 82800,-2220
Pup||26520,-660 26520,-1980 23700,-1980 23700,-2580 21600,-2580 21600,-3045 28800,-3045 28800,-2580 30120,-2580 30120,-2205 30120,-1020 30120,-660 29100,-660
Pyx||30120,-1020 30900,-1020 30900,-1140 32700,-1140 32700,-1440 33720,-1440 33720,-2205 30120,-2205
Ret||11520,-4050 16500,-4050 16500,-3540 15600,-3540 15600,-3390 14400,-3390 14400,-3190 13800,-3190 12600,-3190 12600,-3450 11520,-3450
Sge||67920,1110 67920,1265 69300,1265 69300,1150 71400,1150 71400,1275 72900,1275 72900,1230 72900,945 72510,945 71400,945 71400,970 68400,970 68400,1110
Sgr||67920,-722 67920,-960 65700,-960 63360,-960 63360,-1800 64200,-1800 64200,-2220 69000,-2220 69000,-2730 73200,-2730 73200,-1680 72000,-1680 72000,-722
Sco||57300,-480 58560,-480 58560,-1095 58950,-1095 58950,-1155 58560,-1155 58560,-1475 60300,-1475 60300,-1800 63360,-1800 64200,-1800 64200,-2220 64200,-2730 59115,-2730 59115,-2520 57600,-2520 57600,-1770 56400,-1770 56400,-1200 57300,-1200
Scl||82800,-1530 85800,-1530 6000,-1530 6000,-2400 84000,-2400 84000,-2220 82800,-2220
Sct||65700,-960 67920,-960 67920,-722 67920,-240 66900,-240 65700,-240
Ser|1|54300,0 54300,480 54300,1560 54660,1560 57720,1560 57720,1320 57300,1320 57300,960 57900,960 57900,240 58560,240 58560,0 58560,-195 57300,-195 54300,-195
Ser|2|65700,0 65700,180 66330,180 66330,270 65700,270 65700,375 67184,375 67920,375 67920,120 66900,120 66900,0 66900,-240 65700,-240 65700,-960 63360,-960 61800,-960 61800,-600 63300,-600 63300,-700 63600,-700 63600,-600 64680,-600 64680,-240 64200,-240 64200,0
Sex||34500,0 34500,420 38700,420 38700,0 38700,-360 38700,-660 34500,-660
Tau||11820,-105 11820,0 11820,595 11820,1140 12120,1140 12120,1840 16200,1840 16200,1800 17100,1800 17100,1710 21180,1710 21180,1680 21180,1370 20520,1370 20520,1080 20760,1080 20760,750 20160,750 20160,930 19200,930 19200,960 17880,960 17880,930 16620,930 16620,0 12900,0 12900,-105
Tel||73200,-3420 73200,-2730 69000,-2730 64800,-2730 64800,-3420
Tri||6000,1500 6000,1680 5070,1680 5070,1980 5070,2100 7200,2100 7200,2205 9060,2205 9240,2205 9240,2040 9780,2040 9780,1840 8700,1840 8700,1635 6900,1635 6900,1500
TrA||53100,-4200 53100,-4050 53700,-4050 53700,-3815 54600,-3815 54600,-3660 55200,-3660 55200,-3600 59115,-3600 59115,-3660 59700,-3660 59700,-3815 60300,-3815 60300,-3900 60600,-3900 60600,-4050 61200,-4050 61200,-4200
Tuc||84000,-4500 0,-4500 2700,-4500 2700,-4560 4800,-4560 4800,-3510 84000,-3510 84000,-3420 79200,-3420 79200,-4050 84000,-4050
UMa||34500,2520 33000,2520 33000,2820 30300,2820 30300,3600 28680,3600 28680,4410 33000,4410 40800,4410 40800,3990 43200,3990 43200,3840 48600,3840 48600,3780 51900,3780 51900,3330 50520,3330 50520,2910 48600,2910 48600,3180 43500,3180 43500,2700 43200,2700 43200,2040 43200,1740 42720,1740 39600,1740 39600,2040 38820,2040 38820,2400 36600,2400 36600,2520
UMi||46800,4620 46800,4200 50400,4200 50400,3960 56400,3960 56400,4200 59520,4200 59520,4500 63000,4500 63000,4800 64800,4800 64800,5160 75600,5160 75600,5170 82800,5170 82800,5280 28800,5280 28800,5190 52200,5190 52200,4800 48900,4800 48900,4620
Vel||39600,-3390 39600,-2385 33720,-2385 33720,-2205 30120,-2205 30120,-2580 28800,-2580 28800,-3045 29400,-3045 29400,-3180 30420,-3180 30420,-3270 31800,-3270 31800,-3390
Vir||41460,0 41460,660 42720,660 42720,840 46200,840 46200,900 48600,900 48600,480 54300,480 54300,0 52800,0 52800,-480 51300,-480 51300,-1320 46200,-1320 46200,-660 42600,-660 42600,-360 41460,-360
Vol||23700,-3840 23700,-4200 23700,-4500 27600,-4500 32520,-4500 32520,-3840 24600,-3840
Vul||67920,1265 67920,1530 69330,1530 69330,1650 70800,1650 70800,1740 75300,1740 75300,1680 77100,1680 77100,1410 76500,1410 76500,1170 75780,1170 74040,1170 74040,1230 72900,1230 72900,1275 71400,1275 71400,1150 69300,1150 69300,1265
